0x42d
0x653
0x89f
0x37d
