0x544
0x55e
0x66a
0x84b
